Read 1:350
	1	2	3	4	5	6	7	8	9	10	11	12
A							0.041	0.038	0.039				Read 1:350
B							0.042	0.041	0.041				Read 1:350
C							0.040	0.039	0.041				Read 1:350
D							0.043	0.041	0.041				Read 1:350
E													Read 1:350
F													Read 1:350
G													Read 1:350
H													Read 1:350

Read 3:350
	1	2	3	4	5	6	7	8	9	10	11	12
A							0.112	0.107	0.108				Read 3:350
B							0.092	0.089	0.089				Read 3:350
C							0.124	0.124	0.116				Read 3:350
D							0.055	0.056	0.056				Read 3:350
E													Read 3:350
F													Read 3:350
G													Read 3:350
H													Read 3:350

Read 2:350

Kinetic read	A7	A8	A9	B7	B8	B9	C7	C8	C9	D7	D8	D9
0:00:00	0.037	0.036	0.036	0.049	0.057	0.058	0.037	0.043	0.037	0.048	0.048	0.042
0:00:16	0.037	0.036	0.036	0.054	0.064	0.057	0.037	0.043	0.037	0.052	0.046	0.042
0:00:32	0.037	0.036	0.035	0.057	0.064	0.060	0.037	0.043	0.037	0.050	0.046	0.042
0:00:48	0.037	0.036	0.035	0.060	0.066	0.064	0.037	0.043	0.037	0.050	0.047	0.042
0:01:04	0.037	0.036	0.036	0.063	0.065	0.067	0.037	0.043	0.037	0.050	0.047	0.043
0:01:20	0.037	0.036	0.036	0.065	0.064	0.069	0.037	0.043	0.037	0.051	0.048	0.043
0:01:36	0.038	0.037	0.036	0.066	0.064	0.070	0.037	0.043	0.037	0.051	0.048	0.043
0:01:52	0.039	0.037	0.036	0.068	0.065	0.071	0.037	0.043	0.037	0.052	0.049	0.043
0:02:08	0.040	0.039	0.037	0.069	0.066	0.071	0.037	0.043	0.037	0.052	0.049	0.043
0:02:24	0.041	0.040	0.038	0.070	0.066	0.072	0.037	0.043	0.037	0.053	0.049	0.043
0:02:40	0.042	0.041	0.039	0.071	0.067	0.072	0.037	0.043	0.037	0.053	0.050	0.044
0:02:56	0.043	0.043	0.041	0.072	0.068	0.073	0.037	0.043	0.037	0.054	0.050	0.044
0:03:12	0.045	0.044	0.042	0.073	0.069	0.074	0.037	0.043	0.037	0.055	0.051	0.044
0:03:28	0.046	0.046	0.043	0.073	0.069	0.074	0.037	0.043	0.037	0.055	0.052	0.044
0:03:44	0.047	0.047	0.045	0.074	0.070	0.075	0.037	0.043	0.037	0.056	0.052	0.045
0:04:00	0.049	0.049	0.046	0.074	0.071	0.075	0.037	0.043	0.037	0.057	0.052	0.045
0:04:16	0.049	0.050	0.048	0.075	0.071	0.075	0.037	0.042	0.037	0.057	0.053	0.046
0:04:32	0.050	0.052	0.049	0.075	0.072	0.076	0.037	0.043	0.037	0.058	0.054	0.046
0:04:48	0.052	0.053	0.051	0.076	0.072	0.076	0.037	0.043	0.038	0.058	0.054	0.047
0:05:04	0.053	0.054	0.052	0.077	0.073	0.077	0.037	0.043	0.038	0.059	0.055	0.047
0:05:20	0.054	0.056	0.053	0.077	0.073	0.077	0.037	0.043	0.038	0.059	0.056	0.048
0:05:36	0.054	0.057	0.055	0.077	0.073	0.077	0.038	0.042	0.037	0.060	0.056	0.049
0:05:52	0.056	0.058	0.056	0.078	0.074	0.078	0.038	0.043	0.037	0.060	0.057	0.049
0:06:08	0.057	0.059	0.057	0.078	0.074	0.078	0.038	0.043	0.038	0.061	0.057	0.050
0:06:24	0.057	0.060	0.058	0.079	0.075	0.079	0.039	0.042	0.038	0.061	0.058	0.051
0:06:40	0.058	0.061	0.059	0.079	0.075	0.079	0.039	0.043	0.038	0.062	0.059	0.051
0:06:56	0.059	0.062	0.060	0.079	0.075	0.079	0.040	0.043	0.038	0.062	0.059	0.052
0:07:12	0.060	0.063	0.062	0.080	0.076	0.080	0.040	0.043	0.038	0.063	0.060	0.053
0:07:28	0.061	0.063	0.063	0.080	0.076	0.080	0.041	0.043	0.038	0.063	0.060	0.053
0:07:44	0.061	0.064	0.063	0.081	0.076	0.081	0.041	0.043	0.038	0.063	0.061	0.054
0:08:00	0.062	0.065	0.064	0.081	0.077	0.081	0.042	0.043	0.039	0.064	0.061	0.055
0:08:16	0.063	0.066	0.065	0.081	0.077	0.082	0.043	0.043	0.039	0.065	0.062	0.055
0:08:32	0.064	0.066	0.066	0.081	0.077	0.082	0.043	0.043	0.039	0.065	0.061	0.056
0:08:48	0.065	0.067	0.067	0.082	0.078	0.082	0.044	0.044	0.040	0.065	0.062	0.057
0:09:04	0.065	0.068	0.067	0.082	0.078	0.082	0.045	0.044	0.040	0.065	0.062	0.057
0:09:20	0.066	0.069	0.068	0.082	0.078	0.083	0.046	0.044	0.041	0.066	0.062	0.058
0:09:36	0.067	0.069	0.069	0.083	0.079	0.083	0.047	0.045	0.041	0.066	0.063	0.058
0:09:52	0.067	0.070	0.070	0.083	0.079	0.083	0.047	0.045	0.042	0.067	0.063	0.059
0:10:08	0.068	0.070	0.070	0.084	0.079	0.084	0.048	0.046	0.043	0.067	0.063	0.059
0:10:24	0.068	0.071	0.071	0.084	0.080	0.084	0.049	0.047	0.043	0.067	0.063	0.060
0:10:40	0.069	0.072	0.072	0.084	0.080	0.084	0.050	0.048	0.044	0.067	0.064	0.060
0:10:56	0.069	0.072	0.072	0.085	0.081	0.084	0.050	0.049	0.045	0.068	0.064	0.060
0:11:12	0.070	0.073	0.073	0.085	0.082	0.085	0.051	0.050	0.046	0.068	0.063	0.061
0:11:28	0.070	0.073	0.074	0.085	0.081	0.085	0.052	0.051	0.046	0.068	0.063	0.061
0:11:44	0.071	0.074	0.074	0.085	0.082	0.085	0.052	0.053	0.047	0.068	0.063	0.061
0:12:00	0.072	0.074	0.075	0.086	0.083	0.085	0.053	0.054	0.048	0.068	0.063	0.061
0:12:16	0.072	0.075	0.075	0.086	0.083	0.085	0.054	0.055	0.049	0.068	0.063	0.062
0:12:32	0.073	0.076	0.076	0.086	0.084	0.086	0.055	0.056	0.050	0.068	0.063	0.062
0:12:48	0.073	0.076	0.077	0.086	0.084	0.085	0.055	0.057	0.051	0.068	0.063	0.062
0:13:04	0.074	0.077	0.077	0.086	0.084	0.085	0.056	0.059	0.052	0.068	0.063	0.062
0:13:20	0.074	0.077	0.078	0.087	0.085	0.085	0.057	0.059	0.052	0.068	0.063	0.062
0:13:36	0.074	0.078	0.078	0.087	0.086	0.085	0.057	0.061	0.054	0.068	0.063	0.062
0:13:52	0.075	0.078	0.079	0.087	0.086	0.085	0.058	0.062	0.055	0.068	0.062	0.062
0:14:08	0.075	0.078	0.080	0.087	0.086	0.085	0.058	0.063	0.055	0.068	0.062	0.062
0:14:24	0.076	0.079	0.080	0.088	0.087	0.085	0.059	0.064	0.056	0.068	0.061	0.061
0:14:40	0.076	0.080	0.081	0.088	0.087	0.085	0.060	0.065	0.057	0.068	0.061	0.061
0:14:56	0.077	0.080	0.082	0.088	0.088	0.086	0.060	0.065	0.057	0.068	0.060	0.060
0:15:12	0.077	0.081	0.082	0.088	0.088	0.086	0.061	0.066	0.058	0.067	0.061	0.060
0:15:28	0.078	0.081	0.082	0.088	0.088	0.086	0.062	0.067	0.059	0.067	0.060	0.059
0:15:44	0.078	0.082	0.083	0.088	0.089	0.086	0.063	0.068	0.059	0.067	0.060	0.059
0:16:00	0.079	0.082	0.083	0.089	0.090	0.086	0.063	0.069	0.060	0.067	0.060	0.058
0:16:16	0.079	0.082	0.084	0.089	0.090	0.087	0.064	0.070	0.061	0.067	0.059	0.057
0:16:32	0.080	0.083	0.084	0.089	0.090	0.086	0.065	0.070	0.061	0.066	0.059	0.057
0:16:48	0.080	0.083	0.084	0.089	0.091	0.086	0.065	0.071	0.061	0.066	0.059	0.056
0:17:04	0.081	0.083	0.085	0.089	0.091	0.086	0.066	0.071	0.062	0.066	0.059	0.056
0:17:20	0.081	0.084	0.085	0.090	0.092	0.086	0.066	0.072	0.063	0.066	0.059	0.055
0:17:36	0.082	0.084	0.085	0.090	0.092	0.087	0.067	0.073	0.063	0.065	0.059	0.055
0:17:52	0.082	0.085	0.085	0.090	0.092	0.087	0.068	0.073	0.064	0.065	0.059	0.054
0:18:08	0.082	0.085	0.086	0.090	0.093	0.086	0.068	0.074	0.064	0.065	0.059	0.054
0:18:24	0.083	0.085	0.086	0.090	0.093	0.087	0.069	0.074	0.065	0.065	0.059	0.053
0:18:40	0.083	0.086	0.086	0.090	0.094	0.087	0.070	0.075	0.066	0.065	0.059	0.053
0:18:56	0.084	0.086	0.086	0.090	0.094	0.087	0.071	0.075	0.066	0.065	0.059	0.053
0:19:12	0.084	0.086	0.086	0.090	0.094	0.087	0.072	0.076	0.067	0.065	0.059	0.053
0:19:28	0.085	0.087	0.087	0.091	0.094	0.088	0.072	0.076	0.067	0.064	0.059	0.053
0:19:44	0.085	0.087	0.086	0.091	0.094	0.088	0.073	0.076	0.068	0.064	0.059	0.052
0:20:00	0.086	0.087	0.087	0.091	0.094	0.088	0.074	0.077	0.068	0.064	0.059	0.052
0:20:16	0.086	0.088	0.087	0.091	0.093	0.088	0.074	0.077	0.068	0.064	0.059	0.052
0:20:32	0.087	0.088	0.087	0.091	0.092	0.088	0.075	0.078	0.069	0.064	0.059	0.052
0:20:48	0.087	0.088	0.087	0.092	0.092	0.089	0.076	0.078	0.069	0.064	0.059	0.052
0:21:04	0.088	0.089	0.087	0.092	0.092	0.089	0.076	0.078	0.070	0.063	0.059	0.052
0:21:20	0.088	0.089	0.087	0.092	0.092	0.089	0.077	0.079	0.070	0.063	0.059	0.051
0:21:36	0.089	0.089	0.088	0.092	0.091	0.089	0.078	0.079	0.070	0.063	0.058	0.051
0:21:52	0.090	0.090	0.088	0.093	0.091	0.090	0.078	0.080	0.071	0.063	0.058	0.051
0:22:08	0.090	0.090	0.088	0.093	0.091	0.090	0.079	0.080	0.071	0.063	0.058	0.051
0:22:24	0.091	0.090	0.088	0.093	0.090	0.090	0.079	0.080	0.071	0.063	0.058	0.051
0:22:40	0.091	0.090	0.088	0.093	0.090	0.091	0.080	0.081	0.072	0.063	0.058	0.051
0:22:56	0.092	0.091	0.088	0.094	0.090	0.091	0.080	0.081	0.072	0.063	0.058	0.051
0:23:12	0.093	0.091	0.088	0.094	0.090	0.092	0.081	0.081	0.072	0.063	0.058	0.051
0:23:28	0.093	0.091	0.088	0.094	0.090	0.092	0.081	0.081	0.073	0.063	0.057	0.050
0:23:44	0.093	0.091	0.088	0.094	0.089	0.093	0.082	0.081	0.073	0.063	0.057	0.050
0:24:00	0.094	0.091	0.088	0.094	0.089	0.093	0.082	0.082	0.073	0.063	0.057	0.050
0:24:16	0.094	0.092	0.088	0.095	0.089	0.093	0.082	0.082	0.073	0.062	0.056	0.050
0:24:32	0.095	0.092	0.089	0.095	0.089	0.094	0.083	0.083	0.074	0.063	0.057	0.049
0:24:48	0.096	0.092	0.089	0.096	0.089	0.094	0.083	0.083	0.074	0.062	0.056	0.049
0:25:04	0.096	0.092	0.089	0.096	0.088	0.094	0.083	0.083	0.074	0.062	0.056	0.049
0:25:20	0.096	0.092	0.089	0.096	0.088	0.095	0.084	0.083	0.075	0.062	0.055	0.049
0:25:36	0.097	0.092	0.089	0.097	0.088	0.094	0.084	0.084	0.075	0.062	0.055	0.048
0:25:52	0.097	0.092	0.089	0.097	0.088	0.094	0.085	0.084	0.075	0.062	0.055	0.048
0:26:08	0.097	0.092	0.089	0.098	0.088	0.094	0.085	0.084	0.075	0.062	0.055	0.048
0:26:24	0.097	0.092	0.090	0.098	0.088	0.094	0.085	0.085	0.076	0.062	0.055	0.048
0:26:40	0.097	0.092	0.090	0.098	0.088	0.094	0.085	0.085	0.076	0.061	0.055	0.048
0:26:56	0.097	0.093	0.090	0.099	0.088	0.094	0.085	0.085	0.076	0.061	0.054	0.047
0:27:12	0.098	0.093	0.090	0.099	0.088	0.094	0.086	0.086	0.077	0.061	0.054	0.047
0:27:28	0.098	0.092	0.090	0.099	0.088	0.093	0.086	0.086	0.077	0.061	0.054	0.047
0:27:44	0.098	0.092	0.090	0.099	0.088	0.093	0.086	0.086	0.077	0.060	0.054	0.047
0:28:00	0.098	0.093	0.091	0.100	0.088	0.092	0.086	0.087	0.077	0.060	0.054	0.046
0:28:16	0.098	0.092	0.090	0.100	0.087	0.092	0.086	0.087	0.078	0.060	0.054	0.046
0:28:32	0.098	0.093	0.090	0.100	0.087	0.092	0.086	0.087	0.078	0.059	0.054	0.046
0:28:48	0.098	0.092	0.091	0.100	0.087	0.092	0.086	0.087	0.078	0.059	0.054	0.046
0:29:04	0.098	0.093	0.091	0.100	0.088	0.092	0.087	0.088	0.079	0.059	0.054	0.045
0:29:20	0.098	0.092	0.091	0.100	0.087	0.092	0.087	0.088	0.079	0.058	0.054	0.045
0:29:36	0.098	0.093	0.091	0.100	0.087	0.092	0.087	0.088	0.079	0.058	0.054	0.045
0:29:52	0.098	0.092	0.091	0.100	0.088	0.091	0.087	0.089	0.079	0.058	0.054	0.045
0:30:08	0.098	0.093	0.091	0.100	0.087	0.091	0.088	0.089	0.080	0.057	0.054	0.045
0:30:24	0.098	0.093	0.091	0.099	0.087	0.090	0.087	0.090	0.080	0.057	0.054	0.045
0:30:40	0.098	0.093	0.091	0.099	0.087	0.090	0.087	0.090	0.080	0.056	0.054	0.045
0:30:56	0.098	0.093	0.091	0.099	0.087	0.089	0.088	0.090	0.080	0.056	0.054	0.045
0:31:12	0.097	0.093	0.092	0.099	0.088	0.089	0.088	0.090	0.081	0.056	0.054	0.046
0:31:28	0.097	0.093	0.092	0.099	0.088	0.089	0.088	0.091	0.081	0.055	0.054	0.046
0:31:44	0.097	0.093	0.092	0.098	0.087	0.089	0.088	0.091	0.081	0.055	0.054	0.046
0:32:00	0.097	0.093	0.092	0.098	0.087	0.088	0.088	0.091	0.081	0.055	0.054	0.046
0:32:16	0.097	0.093	0.092	0.097	0.087	0.088	0.088	0.091	0.081	0.054	0.054	0.046
0:32:32	0.097	0.093	0.093	0.097	0.088	0.088	0.088	0.091	0.082	0.054	0.054	0.047
0:32:48	0.097	0.093	0.092	0.097	0.088	0.088	0.088	0.091	0.082	0.054	0.054	0.046
0:33:04	0.097	0.093	0.092	0.096	0.087	0.088	0.088	0.092	0.082	0.053	0.053	0.047
0:33:20	0.096	0.093	0.092	0.096	0.088	0.087	0.088	0.092	0.082	0.053	0.053	0.047
0:33:36	0.097	0.093	0.093	0.096	0.088	0.087	0.089	0.092	0.082	0.053	0.054	0.047
0:33:52	0.097	0.093	0.093	0.095	0.088	0.087	0.089	0.092	0.083	0.053	0.053	0.047
0:34:08	0.097	0.093	0.093	0.094	0.087	0.087	0.089	0.092	0.083	0.053	0.053	0.047
0:34:24	0.097	0.093	0.093	0.094	0.088	0.087	0.089	0.093	0.083	0.052	0.053	0.048
0:34:40	0.097	0.093	0.093	0.094	0.088	0.087	0.090	0.093	0.083	0.053	0.053	0.048
0:34:56	0.097	0.093	0.093	0.094	0.088	0.087	0.089	0.093	0.083	0.052	0.053	0.048
0:35:12	0.097	0.093	0.093	0.093	0.088	0.087	0.089	0.093	0.083	0.052	0.053	0.048
0:35:28	0.097	0.093	0.093	0.093	0.088	0.087	0.090	0.093	0.083	0.052	0.053	0.048
0:35:44	0.097	0.094	0.093	0.092	0.088	0.087	0.090	0.094	0.084	0.052	0.053	0.048
0:36:00	0.097	0.094	0.094	0.092	0.088	0.087	0.090	0.094	0.083	0.052	0.053	0.048
0:36:16	0.097	0.094	0.094	0.092	0.087	0.087	0.090	0.094	0.083	0.052	0.053	0.048
0:36:32	0.097	0.094	0.094	0.091	0.087	0.087	0.090	0.094	0.084	0.052	0.053	0.048
0:36:48	0.097	0.094	0.094	0.091	0.088	0.087	0.091	0.095	0.084	0.052	0.053	0.049
0:37:04	0.097	0.094	0.094	0.091	0.088	0.087	0.091	0.095	0.084	0.052	0.053	0.049
0:37:20	0.097	0.094	0.094	0.090	0.088	0.087	0.091	0.095	0.085	0.052	0.053	0.049
0:37:36	0.097	0.094	0.095	0.090	0.088	0.087	0.092	0.095	0.085	0.052	0.053	0.049
0:37:52	0.097	0.094	0.095	0.089	0.088	0.087	0.092	0.096	0.085	0.052	0.053	0.049
0:38:08	0.097	0.094	0.094	0.089	0.087	0.087	0.092	0.095	0.085	0.052	0.053	0.049
0:38:24	0.098	0.095	0.095	0.089	0.088	0.087	0.092	0.096	0.085	0.053	0.053	0.049
0:38:40	0.098	0.095	0.095	0.089	0.088	0.087	0.093	0.096	0.086	0.052	0.053	0.049
0:38:56	0.098	0.095	0.095	0.089	0.088	0.088	0.093	0.096	0.086	0.052	0.053	0.049
0:39:12	0.098	0.095	0.095	0.089	0.088	0.087	0.093	0.097	0.086	0.052	0.053	0.049
0:39:28	0.098	0.095	0.095	0.089	0.088	0.087	0.093	0.097	0.086	0.052	0.053	0.049
0:39:44	0.098	0.095	0.096	0.089	0.088	0.087	0.093	0.097	0.086	0.053	0.053	0.049
0:40:00	0.098	0.095	0.095	0.089	0.088	0.087	0.093	0.097	0.087	0.052	0.053	0.049
0:40:16	0.099	0.096	0.096	0.088	0.088	0.087	0.094	0.097	0.087	0.053	0.053	0.049
0:40:32	0.099	0.096	0.096	0.088	0.088	0.087	0.094	0.098	0.087	0.052	0.053	0.049
0:40:48	0.099	0.096	0.096	0.088	0.088	0.087	0.094	0.098	0.087	0.052	0.053	0.049
0:41:04	0.099	0.096	0.096	0.088	0.088	0.087	0.094	0.098	0.087	0.052	0.052	0.050
0:41:20	0.099	0.096	0.096	0.088	0.088	0.087	0.095	0.098	0.088	0.053	0.053	0.050
0:41:36	0.099	0.096	0.096	0.089	0.088	0.087	0.095	0.098	0.088	0.052	0.053	0.050
0:41:52	0.100	0.096	0.096	0.089	0.088	0.087	0.095	0.099	0.088	0.052	0.053	0.050
0:42:08	0.100	0.096	0.096	0.089	0.088	0.087	0.095	0.099	0.088	0.052	0.053	0.050
0:42:24	0.100	0.096	0.096	0.089	0.088	0.087	0.095	0.099	0.088	0.053	0.053	0.050
0:42:40	0.100	0.096	0.097	0.089	0.088	0.087	0.095	0.099	0.088	0.052	0.052	0.050
0:42:56	0.100	0.096	0.097	0.089	0.088	0.087	0.095	0.099	0.088	0.052	0.052	0.050
0:43:12	0.100	0.096	0.097	0.089	0.088	0.087	0.096	0.099	0.089	0.053	0.052	0.050
0:43:28	0.100	0.096	0.097	0.089	0.088	0.087	0.096	0.100	0.089	0.053	0.053	0.050
0:43:44	0.100	0.097	0.097	0.089	0.088	0.087	0.096	0.100	0.089	0.053	0.053	0.050
0:44:00	0.100	0.097	0.097	0.089	0.088	0.087	0.096	0.100	0.089	0.053	0.053	0.050
0:44:16	0.100	0.097	0.097	0.089	0.088	0.087	0.096	0.100	0.089	0.053	0.053	0.050
0:44:32	0.101	0.097	0.097	0.089	0.088	0.087	0.096	0.100	0.089	0.053	0.052	0.050
0:44:48	0.101	0.097	0.097	0.089	0.088	0.087	0.097	0.100	0.090	0.053	0.053	0.050
0:45:04	0.101	0.097	0.097	0.089	0.088	0.087	0.097	0.100	0.090	0.052	0.052	0.050
0:45:20	0.101	0.097	0.097	0.089	0.088	0.087	0.097	0.101	0.090	0.052	0.052	0.050
0:45:36	0.101	0.097	0.097	0.089	0.088	0.087	0.097	0.101	0.090	0.052	0.052	0.050
0:45:52	0.102	0.097	0.098	0.089	0.088	0.088	0.098	0.101	0.090	0.052	0.053	0.050
0:46:08	0.101	0.097	0.098	0.089	0.088	0.088	0.098	0.101	0.090	0.052	0.052	0.050
0:46:24	0.101	0.097	0.098	0.089	0.089	0.087	0.098	0.102	0.091	0.052	0.052	0.050
0:46:40	0.101	0.097	0.098	0.089	0.088	0.088	0.098	0.102	0.091	0.052	0.053	0.050
0:46:56	0.102	0.097	0.098	0.089	0.088	0.088	0.098	0.102	0.091	0.052	0.053	0.050
0:47:12	0.102	0.097	0.098	0.089	0.088	0.088	0.098	0.102	0.091	0.052	0.052	0.050
0:47:28	0.102	0.097	0.098	0.089	0.088	0.088	0.099	0.102	0.091	0.052	0.052	0.050
0:47:44	0.102	0.097	0.098	0.089	0.088	0.088	0.099	0.102	0.091	0.052	0.052	0.050
0:48:00	0.102	0.098	0.098	0.089	0.088	0.088	0.099	0.102	0.091	0.052	0.052	0.050
0:48:16	0.102	0.098	0.098	0.089	0.088	0.088	0.100	0.103	0.092	0.052	0.052	0.051
0:48:32	0.102	0.098	0.098	0.089	0.088	0.088	0.100	0.102	0.092	0.052	0.052	0.051
0:48:48	0.102	0.098	0.099	0.089	0.088	0.088	0.100	0.103	0.092	0.052	0.052	0.051
0:49:04	0.102	0.098	0.099	0.089	0.088	0.088	0.100	0.103	0.092	0.052	0.052	0.051
0:49:20	0.102	0.098	0.099	0.089	0.088	0.088	0.100	0.103	0.092	0.052	0.052	0.051
0:49:36	0.103	0.098	0.099	0.089	0.088	0.088	0.101	0.103	0.093	0.052	0.052	0.051
0:49:52	0.103	0.098	0.099	0.089	0.088	0.089	0.101	0.104	0.093	0.052	0.052	0.051
0:50:08	0.103	0.098	0.099	0.090	0.088	0.088	0.101	0.104	0.093	0.052	0.052	0.051
0:50:24	0.103	0.098	0.099	0.090	0.088	0.088	0.102	0.104	0.093	0.052	0.052	0.051
0:50:40	0.103	0.098	0.099	0.090	0.088	0.089	0.102	0.104	0.093	0.052	0.052	0.051
0:50:56	0.103	0.098	0.099	0.090	0.088	0.089	0.103	0.104	0.093	0.052	0.053	0.051
0:51:12	0.103	0.098	0.100	0.090	0.088	0.088	0.103	0.104	0.094	0.052	0.052	0.051
0:51:28	0.103	0.098	0.100	0.090	0.088	0.088	0.103	0.104	0.094	0.052	0.052	0.052
0:51:44	0.103	0.098	0.100	0.090	0.088	0.089	0.103	0.105	0.094	0.052	0.052	0.052
0:52:00	0.103	0.098	0.100	0.090	0.088	0.088	0.103	0.104	0.094	0.052	0.052	0.052
0:52:16	0.103	0.098	0.099	0.090	0.088	0.088	0.103	0.105	0.094	0.052	0.052	0.052
0:52:32	0.103	0.099	0.100	0.089	0.088	0.089	0.103	0.105	0.094	0.052	0.052	0.052
0:52:48	0.103	0.099	0.100	0.089	0.088	0.089	0.104	0.105	0.095	0.052	0.052	0.052
0:53:04	0.104	0.099	0.100	0.089	0.088	0.088	0.104	0.105	0.094	0.052	0.052	0.052
0:53:20	0.104	0.099	0.100	0.090	0.088	0.088	0.104	0.106	0.095	0.052	0.052	0.053
0:53:36	0.104	0.099	0.100	0.090	0.088	0.088	0.104	0.106	0.095	0.052	0.052	0.053
0:53:52	0.104	0.099	0.100	0.090	0.088	0.089	0.104	0.106	0.095	0.052	0.052	0.053
0:54:08	0.104	0.099	0.100	0.090	0.088	0.089	0.104	0.106	0.095	0.052	0.052	0.053
0:54:24	0.104	0.099	0.101	0.090	0.089	0.089	0.105	0.106	0.095	0.052	0.052	0.053
0:54:40	0.104	0.099	0.100	0.089	0.088	0.088	0.105	0.106	0.096	0.052	0.052	0.053
0:54:56	0.104	0.099	0.101	0.089	0.088	0.089	0.105	0.106	0.096	0.052	0.052	0.053
0:55:12	0.105	0.099	0.101	0.089	0.088	0.089	0.105	0.106	0.096	0.052	0.052	0.053
0:55:28	0.104	0.099	0.101	0.090	0.088	0.089	0.105	0.106	0.096	0.052	0.052	0.053
0:55:44	0.105	0.099	0.101	0.090	0.088	0.089	0.105	0.106	0.096	0.052	0.052	0.053
0:56:00	0.105	0.100	0.101	0.090	0.088	0.089	0.106	0.107	0.096	0.052	0.052	0.053
0:56:16	0.105	0.099	0.101	0.090	0.088	0.088	0.106	0.107	0.096	0.052	0.052	0.053
0:56:32	0.105	0.100	0.101	0.091	0.088	0.089	0.106	0.107	0.096	0.052	0.052	0.053
0:56:48	0.105	0.100	0.101	0.090	0.088	0.089	0.106	0.107	0.097	0.052	0.052	0.053
0:57:04	0.105	0.100	0.101	0.091	0.088	0.089	0.106	0.107	0.097	0.052	0.052	0.053
0:57:20	0.105	0.100	0.101	0.091	0.088	0.089	0.106	0.108	0.097	0.052	0.052	0.053
0:57:36	0.105	0.100	0.101	0.091	0.088	0.089	0.106	0.108	0.097	0.052	0.052	0.053
0:57:52	0.105	0.100	0.101	0.091	0.088	0.089	0.107	0.108	0.097	0.052	0.052	0.053
0:58:08	0.105	0.100	0.101	0.091	0.088	0.089	0.107	0.108	0.097	0.052	0.052	0.053
0:58:24	0.105	0.100	0.101	0.091	0.088	0.089	0.107	0.108	0.097	0.052	0.052	0.053
0:58:40	0.105	0.100	0.102	0.091	0.088	0.089	0.107	0.108	0.098	0.052	0.052	0.053
0:58:56	0.105	0.100	0.102	0.091	0.088	0.089	0.107	0.108	0.098	0.052	0.052	0.053
0:59:12	0.106	0.100	0.102	0.091	0.088	0.089	0.108	0.109	0.098	0.052	0.052	0.053
0:59:28	0.106	0.100	0.102	0.091	0.088	0.089	0.108	0.109	0.098	0.052	0.052	0.053
0:59:44	0.106	0.100	0.102	0.091	0.088	0.088	0.108	0.109	0.098	0.052	0.052	0.053
1:00:00	0.106	0.100	0.102	0.091	0.088	0.089	0.108	0.109	0.098	0.052	0.052	0.053
1:00:16	0.106	0.100	0.102	0.091	0.088	0.089	0.108	0.109	0.098	0.052	0.052	0.053
1:00:32	0.106	0.100	0.102	0.091	0.088	0.089	0.109	0.110	0.099	0.052	0.052	0.053
1:00:48	0.106	0.101	0.102	0.091	0.088	0.088	0.109	0.110	0.099	0.052	0.052	0.053
1:01:04	0.106	0.101	0.102	0.091	0.088	0.088	0.109	0.110	0.099	0.053	0.052	0.053
1:01:20	0.106	0.101	0.102	0.091	0.088	0.088	0.109	0.110	0.099	0.053	0.052	0.053
1:01:36	0.106	0.101	0.102	0.091	0.089	0.088	0.108	0.110	0.099	0.052	0.052	0.053
1:01:52	0.106	0.101	0.102	0.091	0.089	0.088	0.109	0.110	0.099	0.053	0.052	0.053
1:02:08	0.107	0.101	0.102	0.091	0.089	0.088	0.108	0.111	0.099	0.053	0.052	0.053
1:02:24	0.106	0.101	0.102	0.091	0.088	0.088	0.109	0.110	0.099	0.053	0.052	0.053
1:02:40	0.106	0.101	0.102	0.090	0.088	0.088	0.109	0.110	0.100	0.052	0.052	0.053
1:02:56	0.106	0.101	0.102	0.090	0.088	0.088	0.109	0.111	0.100	0.052	0.052	0.053
1:03:12	0.106	0.101	0.102	0.090	0.088	0.088	0.110	0.111	0.100	0.052	0.052	0.053
1:03:28	0.107	0.101	0.103	0.090	0.088	0.088	0.109	0.111	0.100	0.052	0.052	0.053
1:03:44	0.107	0.101	0.103	0.090	0.088	0.088	0.110	0.111	0.100	0.052	0.052	0.053
1:04:00	0.107	0.101	0.103	0.090	0.088	0.089	0.110	0.111	0.100	0.052	0.052	0.053
1:04:16	0.107	0.101	0.103	0.090	0.088	0.088	0.110	0.111	0.100	0.052	0.053	0.053
1:04:32	0.107	0.101	0.103	0.090	0.089	0.088	0.110	0.111	0.100	0.052	0.052	0.053
1:04:48	0.107	0.101	0.103	0.090	0.088	0.088	0.110	0.112	0.101	0.052	0.053	0.054
1:05:04	0.107	0.101	0.103	0.090	0.088	0.088	0.110	0.112	0.100	0.052	0.052	0.053
1:05:20	0.107	0.102	0.103	0.090	0.088	0.088	0.110	0.112	0.100	0.052	0.053	0.054
1:05:36	0.107	0.102	0.103	0.090	0.088	0.088	0.110	0.112	0.101	0.052	0.053	0.054
1:05:52	0.107	0.102	0.103	0.090	0.088	0.088	0.111	0.112	0.101	0.052	0.053	0.054
1:06:08	0.107	0.102	0.103	0.090	0.088	0.088	0.111	0.112	0.101	0.052	0.053	0.054
1:06:24	0.107	0.102	0.104	0.091	0.088	0.089	0.111	0.112	0.101	0.052	0.053	0.054
1:06:40	0.107	0.102	0.104	0.090	0.088	0.089	0.111	0.112	0.101	0.052	0.053	0.054
1:06:56	0.107	0.102	0.104	0.091	0.088	0.088	0.111	0.112	0.102	0.052	0.053	0.054
1:07:12	0.107	0.102	0.104	0.090	0.088	0.088	0.111	0.112	0.102	0.052	0.053	0.054
1:07:28	0.107	0.102	0.104	0.090	0.088	0.089	0.111	0.112	0.102	0.052	0.053	0.054
1:07:44	0.107	0.102	0.104	0.091	0.088	0.088	0.112	0.113	0.102	0.052	0.053	0.054
1:08:00	0.108	0.102	0.104	0.091	0.088	0.089	0.112	0.113	0.103	0.052	0.053	0.054
1:08:16	0.108	0.102	0.104	0.091	0.088	0.088	0.112	0.113	0.102	0.052	0.053	0.054
1:08:32	0.108	0.102	0.104	0.090	0.088	0.088	0.112	0.113	0.102	0.052	0.053	0.054
1:08:48	0.108	0.102	0.104	0.090	0.088	0.088	0.113	0.113	0.102	0.052	0.053	0.054
1:09:04	0.108	0.102	0.104	0.091	0.088	0.089	0.112	0.113	0.103	0.052	0.053	0.054
1:09:20	0.108	0.102	0.104	0.091	0.088	0.088	0.112	0.113	0.102	0.052	0.053	0.054
1:09:36	0.108	0.102	0.104	0.091	0.088	0.089	0.113	0.113	0.103	0.052	0.053	0.054
1:09:52	0.108	0.103	0.104	0.090	0.088	0.089	0.112	0.114	0.103	0.052	0.053	0.054
1:10:08	0.109	0.103	0.105	0.090	0.088	0.089	0.113	0.114	0.103	0.053	0.053	0.054
1:10:24	0.108	0.103	0.104	0.090	0.088	0.089	0.112	0.113	0.103	0.053	0.053	0.054
1:10:40	0.109	0.103	0.105	0.090	0.088	0.089	0.113	0.114	0.104	0.053	0.053	0.054
1:10:56	0.108	0.103	0.105	0.090	0.088	0.089	0.113	0.113	0.104	0.053	0.053	0.054
1:11:12	0.108	0.103	0.105	0.090	0.088	0.088	0.113	0.114	0.104	0.053	0.053	0.054
1:11:28	0.109	0.103	0.105	0.090	0.088	0.089	0.113	0.114	0.104	0.053	0.053	0.054
1:11:44	0.109	0.103	0.104	0.090	0.088	0.089	0.114	0.114	0.104	0.053	0.053	0.054
1:12:00	0.109	0.103	0.105	0.090	0.088	0.089	0.114	0.114	0.104	0.053	0.053	0.054
1:12:16	0.109	0.103	0.105	0.090	0.088	0.088	0.114	0.115	0.104	0.053	0.053	0.054
1:12:32	0.109	0.103	0.105	0.090	0.088	0.089	0.114	0.115	0.104	0.053	0.053	0.054
1:12:48	0.109	0.103	0.105	0.090	0.088	0.088	0.114	0.115	0.104	0.053	0.053	0.054
1:13:04	0.109	0.103	0.105	0.090	0.088	0.088	0.114	0.115	0.104	0.053	0.053	0.054
1:13:20	0.109	0.103	0.105	0.090	0.088	0.088	0.114	0.115	0.105	0.053	0.053	0.054
1:13:36	0.109	0.103	0.105	0.090	0.087	0.088	0.114	0.115	0.105	0.053	0.053	0.053
1:13:52	0.109	0.103	0.105	0.090	0.088	0.088	0.115	0.115	0.105	0.053	0.053	0.054
1:14:08	0.110	0.103	0.105	0.091	0.088	0.089	0.115	0.115	0.105	0.053	0.053	0.054
1:14:24	0.109	0.103	0.105	0.090	0.088	0.089	0.115	0.115	0.105	0.053	0.053	0.054
1:14:40	0.110	0.103	0.105	0.090	0.088	0.089	0.115	0.116	0.105	0.053	0.053	0.053
1:14:56	0.110	0.103	0.105	0.090	0.088	0.088	0.115	0.116	0.106	0.053	0.053	0.053
1:15:12	0.110	0.103	0.105	0.090	0.088	0.088	0.115	0.116	0.106	0.053	0.054	0.054
1:15:28	0.110	0.103	0.105	0.091	0.088	0.088	0.115	0.116	0.106	0.052	0.053	0.054
1:15:44	0.110	0.104	0.106	0.091	0.088	0.088	0.115	0.116	0.106	0.052	0.053	0.054
1:16:00	0.110	0.104	0.106	0.090	0.088	0.088	0.116	0.116	0.106	0.052	0.053	0.054
1:16:16	0.109	0.104	0.105	0.090	0.087	0.088	0.115	0.116	0.106	0.052	0.053	0.054
1:16:32	0.110	0.104	0.105	0.090	0.087	0.088	0.116	0.116	0.106	0.052	0.053	0.054
1:16:48	0.109	0.104	0.105	0.090	0.088	0.088	0.116	0.117	0.106	0.052	0.053	0.054
1:17:04	0.110	0.104	0.105	0.090	0.088	0.088	0.116	0.117	0.106	0.052	0.053	0.054
1:17:20	0.110	0.104	0.106	0.090	0.088	0.088	0.116	0.117	0.107	0.052	0.054	0.054
1:17:36	0.110	0.104	0.106	0.090	0.088	0.088	0.116	0.116	0.107	0.052	0.054	0.054
1:17:52	0.110	0.104	0.106	0.090	0.088	0.088	0.116	0.116	0.107	0.052	0.053	0.054
1:18:08	0.110	0.105	0.106	0.090	0.088	0.088	0.116	0.117	0.107	0.052	0.054	0.054
1:18:24	0.110	0.105	0.106	0.090	0.088	0.088	0.116	0.117	0.107	0.052	0.054	0.054
1:18:40	0.110	0.105	0.106	0.090	0.088	0.089	0.116	0.117	0.107	0.052	0.054	0.054
1:18:56	0.111	0.105	0.106	0.090	0.088	0.089	0.116	0.117	0.107	0.052	0.054	0.054
1:19:12	0.110	0.105	0.106	0.090	0.088	0.088	0.116	0.117	0.108	0.052	0.054	0.054
1:19:28	0.110	0.105	0.106	0.091	0.088	0.088	0.117	0.117	0.108	0.052	0.054	0.054
1:19:44	0.110	0.105	0.106	0.090	0.088	0.088	0.117	0.117	0.107	0.052	0.054	0.054
1:20:00	0.111	0.105	0.106	0.090	0.088	0.088	0.117	0.118	0.108	0.052	0.054	0.054
1:20:16	0.111	0.105	0.106	0.090	0.088	0.088	0.117	0.117	0.108	0.052	0.054	0.054
1:20:32	0.111	0.105	0.106	0.090	0.088	0.088	0.117	0.117	0.108	0.052	0.054	0.054
1:20:48	0.111	0.105	0.106	0.090	0.088	0.088	0.117	0.117	0.108	0.052	0.054	0.054
1:21:04	0.110	0.105	0.106	0.090	0.088	0.088	0.117	0.117	0.108	0.052	0.053	0.054
1:21:20	0.111	0.105	0.106	0.090	0.088	0.088	0.117	0.118	0.109	0.052	0.054	0.054
1:21:36	0.111	0.105	0.106	0.090	0.088	0.088	0.117	0.117	0.109	0.052	0.054	0.054
1:21:52	0.111	0.105	0.106	0.090	0.088	0.088	0.118	0.118	0.109	0.052	0.054	0.054
1:22:08	0.111	0.105	0.106	0.090	0.088	0.088	0.118	0.118	0.109	0.052	0.054	0.054
1:22:24	0.111	0.105	0.106	0.090	0.088	0.088	0.118	0.118	0.109	0.053	0.054	0.054
1:22:40	0.111	0.105	0.106	0.090	0.088	0.088	0.118	0.118	0.110	0.052	0.054	0.054
1:22:56	0.111	0.105	0.106	0.090	0.088	0.088	0.118	0.118	0.109	0.053	0.054	0.054
1:23:12	0.111	0.105	0.106	0.090	0.088	0.088	0.118	0.118	0.110	0.052	0.054	0.054
1:23:28	0.111	0.105	0.106	0.090	0.088	0.088	0.118	0.119	0.110	0.053	0.054	0.055
1:23:44	0.111	0.106	0.106	0.090	0.088	0.088	0.118	0.119	0.110	0.053	0.054	0.054
1:24:00	0.111	0.106	0.106	0.090	0.088	0.088	0.118	0.119	0.110	0.053	0.054	0.055
1:24:16	0.112	0.105	0.106	0.090	0.088	0.088	0.118	0.119	0.110	0.053	0.054	0.054
1:24:32	0.112	0.106	0.107	0.090	0.088	0.088	0.118	0.119	0.110	0.053	0.054	0.055
1:24:48	0.112	0.105	0.106	0.090	0.088	0.088	0.118	0.119	0.110	0.053	0.054	0.054
1:25:04	0.111	0.105	0.106	0.090	0.088	0.088	0.118	0.119	0.110	0.053	0.054	0.055
1:25:20	0.111	0.106	0.107	0.090	0.088	0.088	0.119	0.119	0.110	0.053	0.054	0.055
1:25:36	0.111	0.106	0.106	0.090	0.088	0.088	0.119	0.119	0.110	0.053	0.054	0.054
1:25:52	0.112	0.106	0.106	0.090	0.088	0.088	0.119	0.119	0.111	0.053	0.054	0.054
1:26:08	0.112	0.106	0.106	0.090	0.088	0.088	0.119	0.119	0.111	0.053	0.054	0.054
1:26:24	0.112	0.106	0.106	0.090	0.088	0.088	0.119	0.119	0.111	0.053	0.054	0.054
1:26:40	0.112	0.106	0.107	0.090	0.088	0.088	0.119	0.119	0.111	0.053	0.054	0.054
1:26:56	0.112	0.106	0.107	0.090	0.088	0.088	0.119	0.120	0.111	0.053	0.054	0.054
1:27:12	0.112	0.106	0.107	0.090	0.088	0.088	0.119	0.120	0.111	0.053	0.054	0.054
1:27:28	0.112	0.106	0.107	0.090	0.088	0.089	0.120	0.120	0.111	0.053	0.054	0.054
1:27:44	0.112	0.106	0.107	0.090	0.088	0.088	0.119	0.120	0.111	0.053	0.054	0.054
1:28:00	0.112	0.106	0.107	0.090	0.088	0.088	0.120	0.120	0.111	0.053	0.054	0.054
1:28:16	0.112	0.106	0.107	0.090	0.088	0.088	0.120	0.120	0.111	0.053	0.054	0.054
1:28:32	0.112	0.107	0.107	0.090	0.088	0.088	0.121	0.120	0.112	0.053	0.054	0.053
1:28:48	0.112	0.107	0.107	0.090	0.088	0.088	0.120	0.120	0.112	0.053	0.054	0.054
1:29:04	0.112	0.107	0.107	0.090	0.088	0.088	0.121	0.120	0.112	0.053	0.054	0.054
1:29:20	0.112	0.106	0.107	0.090	0.088	0.088	0.121	0.120	0.112	0.052	0.054	0.053
1:29:36	0.113	0.106	0.107	0.090	0.088	0.088	0.121	0.120	0.112	0.052	0.054	0.054
1:29:52	0.113	0.107	0.107	0.090	0.088	0.088	0.121	0.120	0.112	0.052	0.054	0.054

Read 4:350

Kinetic read	A7	A8	A9	B7	B8	B9	C7	C8	C9	D7	D8	D9
0:00.00	0.061	0.063	0.057	0.069	0.065	0.068	0.074	0.104	0.062	0.054	0.057	0.049
0:00.09	0.061	0.062	0.055	0.069	0.064	0.068	0.073	0.103	0.062	0.053	0.056	0.049
0:00.18	0.060	0.061	0.054	0.069	0.064	0.067	0.072	0.103	0.061	0.053	0.056	0.049
0:00.27	0.059	0.060	0.053	0.069	0.064	0.067	0.071	0.102	0.060	0.053	0.056	0.048
0:00.36	0.059	0.060	0.053	0.069	0.064	0.066	0.070	0.102	0.060	0.053	0.056	0.048
0:00.45	0.058	0.059	0.052	0.069	0.064	0.066	0.069	0.101	0.059	0.053	0.056	0.048
0:00.54	0.058	0.059	0.052	0.069	0.063	0.065	0.069	0.101	0.058	0.053	0.056	0.048
0:00.63	0.057	0.058	0.052	0.069	0.063	0.065	0.068	0.101	0.058	0.053	0.056	0.048
0:00.72	0.057	0.058	0.051	0.069	0.063	0.065	0.068	0.101	0.057	0.053	0.056	0.048
0:00.81	0.056	0.058	0.051	0.069	0.063	0.065	0.068	0.100	0.057	0.053	0.056	0.048
0:00.90	0.056	0.058	0.051	0.069	0.063	0.064	0.067	0.100	0.057	0.053	0.056	0.048
0:00.99	0.056	0.058	0.051	0.069	0.063	0.064	0.067	0.100	0.056	0.053	0.056	0.048
0:01.08	0.055	0.057	0.051	0.069	0.063	0.064	0.066	0.099	0.056	0.053	0.055	0.048
0:01.17	0.055	0.057	0.051	0.068	0.063	0.064	0.066	0.099	0.056	0.053	0.055	0.048
0:01.26	0.055	0.057	0.051	0.068	0.063	0.064	0.066	0.099	0.055	0.053	0.055	0.048
0:01.35	0.055	0.057	0.050	0.068	0.063	0.064	0.066	0.098	0.055	0.053	0.055	0.048
0:01.44	0.055	0.057	0.050	0.068	0.063	0.064	0.065	0.098	0.055	0.053	0.055	0.048
0:01.53	0.055	0.057	0.050	0.068	0.062	0.064	0.065	0.098	0.055	0.053	0.055	0.048
0:01.62	0.055	0.057	0.050	0.068	0.062	0.064	0.065	0.098	0.054	0.053	0.055	0.048
0:01.71	0.055	0.056	0.050	0.068	0.062	0.064	0.065	0.097	0.054	0.053	0.057	0.048
0:01.80	0.054	0.056	0.050	0.068	0.062	0.064	0.064	0.097	0.054	0.053	0.052	0.048
0:01.89	0.054	0.056	0.050	0.068	0.062	0.064	0.064	0.097	0.054	0.053	0.052	0.048
0:01.98	0.054	0.056	0.050	0.068	0.062	0.064	0.064	0.097	0.054	0.053	0.052	0.048
0:02.07	0.054	0.056	0.050	0.068	0.062	0.063	0.064	0.097	0.053	0.053	0.052	0.048
0:02.16	0.054	0.056	0.049	0.068	0.062	0.064	0.064	0.097	0.053	0.053	0.052	0.048
0:02.25	0.054	0.056	0.049	0.067	0.062	0.063	0.063	0.096	0.053	0.053	0.052	0.048
0:02.34	0.054	0.056	0.049	0.067	0.062	0.063	0.063	0.096	0.053	0.053	0.052	0.048
0:02.43	0.054	0.055	0.049	0.067	0.062	0.063	0.063	0.096	0.053	0.053	0.052	0.048
0:02.52	0.053	0.055	0.049	0.067	0.062	0.063	0.063	0.096	0.053	0.053	0.052	0.048
0:02.61	0.053	0.055	0.049	0.067	0.062	0.063	0.063	0.096	0.053	0.052	0.052	0.048
0:02.70	0.053	0.055	0.049	0.067	0.062	0.063	0.063	0.096	0.053	0.052	0.052	0.048
0:02.79	0.053	0.055	0.049	0.067	0.062	0.063	0.062	0.096	0.052	0.052	0.052	0.047
0:02.88	0.053	0.055	0.049	0.067	0.062	0.063	0.062	0.096	0.052	0.052	0.051	0.048
0:02.97	0.053	0.055	0.048	0.067	0.062	0.063	0.062	0.095	0.052	0.052	0.051	0.048
0:03.06	0.053	0.055	0.049	0.067	0.061	0.063	0.062	0.095	0.052	0.053	0.051	0.048
0:03.15	0.053	0.055	0.048	0.067	0.062	0.063	0.062	0.095	0.052	0.052	0.051	0.048
0:03.24	0.053	0.055	0.048	0.066	0.062	0.063	0.062	0.095	0.052	0.052	0.051	0.047
0:03.33	0.053	0.055	0.048	0.067	0.061	0.063	0.061	0.095	0.052	0.052	0.051	0.047
0:03.42	0.053	0.055	0.048	0.067	0.061	0.063	0.061	0.095	0.052	0.052	0.051	0.047
0:03.51	0.053	0.054	0.048	0.067	0.061	0.063	0.061	0.094	0.051	0.052	0.051	0.047
0:03.60	0.053	0.054	0.048	0.066	0.061	0.063	0.061	0.094	0.052	0.052	0.051	0.047
0:03.69	0.053	0.054	0.048	0.066	0.061	0.063	0.061	0.095	0.051	0.052	0.051	0.047
0:03.78	0.053	0.054	0.048	0.066	0.061	0.063	0.061	0.094	0.051	0.052	0.051	0.047
0:03.87	0.052	0.054	0.048	0.066	0.061	0.063	0.061	0.094	0.051	0.052	0.051	0.047
0:03.96	0.052	0.054	0.048	0.066	0.061	0.063	0.061	0.094	0.051	0.052	0.051	0.047
0:04.05	0.052	0.054	0.047	0.066	0.061	0.063	0.061	0.094	0.051	0.052	0.051	0.047
0:04.14	0.052	0.054	0.048	0.066	0.061	0.063	0.061	0.094	0.051	0.052	0.051	0.047
0:04.23	0.052	0.054	0.047	0.066	0.061	0.063	0.060	0.094	0.051	0.052	0.051	0.047
0:04.32	0.052	0.054	0.047	0.066	0.061	0.063	0.060	0.094	0.051	0.052	0.051	0.047
0:04.41	0.052	0.054	0.047	0.066	0.061	0.063	0.060	0.094	0.051	0.052	0.051	0.047
0:04.50	0.052	0.054	0.047	0.066	0.061	0.063	0.060	0.093	0.051	0.052	0.051	0.047
0:04.59	0.052	0.054	0.047	0.066	0.061	0.062	0.060	0.094	0.051	0.052	0.051	0.047
0:04.68	0.052	0.054	0.047	0.065	0.061	0.062	0.060	0.094	0.050	0.052	0.050	0.047
0:04.77	0.052	0.054	0.047	0.065	0.061	0.062	0.060	0.093	0.050	0.052	0.050	0.047
0:04.86	0.052	0.054	0.047	0.065	0.061	0.062	0.060	0.093	0.050	0.052	0.050	0.047
0:04.95	0.052	0.053	0.047	0.065	0.061	0.062	0.059	0.093	0.050	0.052	0.050	0.047
0:05.04	0.052	0.053	0.047	0.065	0.061	0.062	0.060	0.093	0.050	0.052	0.050	0.047
0:05.13	0.052	0.053	0.047	0.065	0.061	0.062	0.059	0.093	0.050	0.052	0.050	0.047
0:05.22	0.052	0.053	0.047	0.065	0.061	0.062	0.060	0.093	0.050	0.052	0.050	0.047
0:05.31	0.052	0.053	0.047	0.065	0.061	0.062	0.059	0.093	0.050	0.052	0.050	0.047
0:05.40	0.052	0.053	0.046	0.065	0.061	0.062	0.059	0.093	0.050	0.052	0.050	0.047
0:05.49	0.052	0.053	0.046	0.065	0.061	0.062	0.059	0.093	0.050	0.052	0.050	0.047
0:05.58	0.051	0.053	0.046	0.065	0.061	0.062	0.059	0.093	0.050	0.052	0.050	0.047
0:05.67	0.051	0.053	0.046	0.065	0.061	0.062	0.059	0.093	0.050	0.052	0.050	0.047
0:05.76	0.051	0.053	0.046	0.065	0.061	0.062	0.059	0.092	0.050	0.052	0.050	0.047
0:05.85	0.051	0.053	0.046	0.065	0.061	0.062	0.059	0.093	0.050	0.052	0.050	0.047
0:05.94	0.051	0.053	0.046	0.064	0.061	0.062	0.059	0.093	0.050	0.052	0.050	0.047
0:06.03	0.051	0.053	0.046	0.064	0.061	0.062	0.059	0.092	0.050	0.052	0.050	0.046
0:06.12	0.051	0.053	0.046	0.064	0.060	0.062	0.059	0.092	0.050	0.052	0.050	0.047
0:06.21	0.051	0.053	0.046	0.064	0.061	0.062	0.059	0.092	0.050	0.052	0.050	0.047
0:06.30	0.051	0.053	0.046	0.064	0.061	0.062	0.058	0.093	0.049	0.051	0.050	0.046
0:06.39	0.051	0.053	0.046	0.064	0.060	0.062	0.058	0.093	0.049	0.051	0.050	0.047
0:06.48	0.051	0.053	0.046	0.064	0.060	0.062	0.058	0.093	0.049	0.052	0.050	0.046
0:06.57	0.051	0.052	0.046	0.064	0.060	0.062	0.058	0.092	0.049	0.052	0.050	0.047
0:06.66	0.051	0.052	0.046	0.064	0.060	0.062	0.058	0.092	0.049	0.051	0.050	0.046
0:06.75	0.051	0.052	0.046	0.064	0.060	0.062	0.058	0.092	0.049	0.052	0.050	0.046
0:06.84	0.051	0.052	0.045	0.064	0.060	0.062	0.058	0.092	0.049	0.051	0.050	0.046
0:06.93	0.051	0.052	0.045	0.064	0.060	0.062	0.058	0.092	0.049	0.052	0.050	0.046
0:07.02	0.051	0.052	0.045	0.064	0.060	0.062	0.058	0.092	0.049	0.051	0.050	0.046
0:07.11	0.051	0.052	0.045	0.064	0.060	0.062	0.058	0.092	0.049	0.051	0.050	0.046
0:07.20	0.051	0.052	0.045	0.064	0.060	0.062	0.058	0.092	0.049	0.051	0.050	0.046
0:07.29	0.051	0.052	0.045	0.064	0.060	0.061	0.058	0.092	0.049	0.051	0.049	0.046
0:07.38	0.050	0.052	0.045	0.064	0.060	0.062	0.058	0.093	0.049	0.051	0.050	0.046
0:07.47	0.050	0.052	0.045	0.064	0.060	0.061	0.058	0.092	0.049	0.051	0.050	0.046
0:07.56	0.050	0.052	0.045	0.063	0.060	0.061	0.058	0.092	0.049	0.051	0.049	0.046
0:07.65	0.050	0.052	0.045	0.063	0.060	0.061	0.058	0.092	0.049	0.051	0.049	0.046
0:07.74	0.050	0.052	0.045	0.063	0.060	0.061	0.058	0.092	0.049	0.051	0.049	0.046
0:07.83	0.050	0.052	0.045	0.063	0.060	0.061	0.058	0.092	0.049	0.051	0.050	0.046
0:07.92	0.050	0.052	0.045	0.063	0.060	0.061	0.057	0.091	0.048	0.051	0.049	0.046
0:08.01	0.050	0.052	0.045	0.063	0.060	0.061	0.057	0.091	0.049	0.051	0.049	0.046
0:08.10	0.050	0.052	0.045	0.063	0.060	0.061	0.057	0.091	0.048	0.051	0.049	0.046
0:08.19	0.050	0.052	0.045	0.063	0.060	0.061	0.057	0.092	0.049	0.051	0.049	0.046
0:08.28	0.050	0.052	0.045	0.063	0.060	0.061	0.057	0.091	0.048	0.051	0.049	0.046
0:08.37	0.050	0.052	0.045	0.063	0.060	0.061	0.057	0.091	0.049	0.051	0.049	0.046
0:08.46	0.050	0.052	0.045	0.063	0.060	0.061	0.057	0.091	0.049	0.051	0.049	0.046
0:08.55	0.050	0.052	0.045	0.063	0.060	0.061	0.057	0.091	0.048	0.051	0.049	0.046
0:08.64	0.050	0.052	0.045	0.063	0.060	0.061	0.057	0.091	0.048	0.051	0.049	0.046
0:08.73	0.050	0.052	0.045	0.063	0.060	0.061	0.057	0.091	0.048	0.051	0.049	0.046
0:08.82	0.050	0.051	0.045	0.063	0.060	0.061	0.057	0.091	0.048	0.051	0.049	0.046
0:08.91	0.050	0.051	0.045	0.062	0.060	0.061	0.057	0.091	0.048	0.051	0.049	0.046
0:09.00	0.050	0.051	0.045	0.062	0.060	0.061	0.057	0.091	0.048	0.051	0.049	0.046
0:09.09	0.050	0.051	0.044	0.062	0.060	0.061	0.057	0.090	0.048	0.051	0.049	0.046
0:09.18	0.049	0.051	0.044	0.062	0.060	0.061	0.057	0.091	0.048	0.051	0.049	0.046
0:09.27	0.049	0.051	0.044	0.062	0.060	0.061	0.057	0.091	0.048	0.051	0.049	0.046
0:09.36	0.049	0.051	0.044	0.062	0.060	0.061	0.057	0.090	0.048	0.051	0.049	0.046
0:09.45	0.049	0.051	0.044	0.062	0.060	0.061	0.057	0.090	0.048	0.051	0.049	0.046
0:09.54	0.049	0.051	0.044	0.062	0.060	0.061	0.057	0.090	0.048	0.051	0.049	0.045
0:09.63	0.049	0.051	0.044	0.062	0.060	0.061	0.057	0.090	0.048	0.051	0.049	0.046
0:09.72	0.049	0.051	0.044	0.062	0.060	0.061	0.057	0.090	0.048	0.051	0.049	0.045
0:09.81	0.049	0.051	0.044	0.062	0.060	0.061	0.057	0.090	0.048	0.051	0.049	0.045
0:09.90	0.049	0.051	0.044	0.062	0.060	0.061	0.056	0.090	0.048	0.051	0.049	0.046
0:09.99	0.049	0.051	0.044	0.062	0.060	0.061	0.057	0.090	0.048	0.051	0.049	0.045
0:10.08	0.049	0.051	0.044	0.062	0.060	0.061	0.057	0.090	0.048	0.051	0.049	0.046
0:10.17	0.049	0.051	0.044	0.062	0.060	0.061	0.056	0.090	0.048	0.051	0.049	0.045
0:10.26	0.049	0.051	0.044	0.062	0.060	0.061	0.056	0.090	0.048	0.051	0.049	0.045
0:10.35	0.049	0.051	0.044	0.061	0.060	0.061	0.056	0.090	0.048	0.051	0.049	0.045
0:10.44	0.049	0.051	0.044	0.062	0.060	0.061	0.056	0.089	0.048	0.051	0.049	0.045
0:10.53	0.049	0.051	0.044	0.062	0.060	0.061	0.056	0.090	0.048	0.051	0.049	0.045
0:10.62	0.049	0.051	0.044	0.061	0.060	0.061	0.056	0.090	0.048	0.051	0.049	0.045
0:10.71	0.049	0.051	0.044	0.061	0.060	0.061	0.056	0.089	0.047	0.051	0.049	0.045
0:10.80	0.049	0.051	0.044	0.061	0.060	0.061	0.056	0.089	0.047	0.051	0.049	0.045
0:10.89	0.049	0.050	0.043	0.061	0.060	0.061	0.056	0.090	0.047	0.051	0.049	0.045
0:10.98	0.048	0.051	0.043	0.061	0.060	0.061	0.056	0.090	0.047	0.051	0.049	0.045
0:11.07	0.048	0.050	0.043	0.061	0.060	0.061	0.056	0.089	0.047	0.051	0.049	0.045
0:11.16	0.048	0.050	0.043	0.061	0.060	0.061	0.056	0.090	0.047	0.050	0.049	0.045
0:11.25	0.048	0.050	0.043	0.061	0.060	0.061	0.056	0.089	0.047	0.050	0.049	0.045
0:11.34	0.048	0.050	0.043	0.061	0.060	0.061	0.056	0.090	0.047	0.051	0.049	0.045
0:11.43	0.048	0.050	0.043	0.061	0.060	0.061	0.056	0.089	0.047	0.051	0.049	0.045
0:11.52	0.048	0.050	0.043	0.061	0.060	0.061	0.056	0.089	0.047	0.051	0.049	0.045
0:11.61	0.048	0.050	0.043	0.061	0.060	0.061	0.056	0.089	0.047	0.050	0.049	0.045
0:11.70	0.048	0.050	0.043	0.061	0.060	0.061	0.056	0.089	0.047	0.050	0.049	0.045
0:11.79	0.048	0.050	0.043	0.061	0.060	0.061	0.056	0.089	0.047	0.050	0.049	0.045
0:11.88	0.048	0.050	0.043	0.061	0.060	0.061	0.056	0.088	0.047	0.050	0.049	0.045
0:11.97	0.048	0.050	0.043	0.061	0.060	0.061	0.056	0.089	0.047	0.050	0.049	0.045
0:12.06	0.048	0.050	0.043	0.061	0.059	0.060	0.056	0.089	0.047	0.050	0.049	0.045
0:12.15	0.048	0.050	0.043	0.061	0.060	0.060	0.056	0.088	0.047	0.050	0.049	0.045
0:12.24	0.048	0.050	0.043	0.061	0.060	0.061	0.056	0.088	0.047	0.050	0.049	0.045
0:12.33	0.048	0.050	0.043	0.061	0.060	0.060	0.056	0.088	0.047	0.050	0.049	0.045
0:12.42	0.048	0.050	0.043	0.060	0.060	0.060	0.055	0.088	0.047	0.050	0.049	0.045
0:12.51	0.048	0.050	0.043	0.061	0.060	0.060	0.056	0.088	0.047	0.050	0.049	0.045
0:12.60	0.048	0.050	0.043	0.061	0.060	0.060	0.056	0.088	0.047	0.050	0.049	0.045
0:12.69	0.048	0.050	0.043	0.061	0.060	0.060	0.055	0.088	0.047	0.050	0.049	0.045
0:12.78	0.048	0.050	0.043	0.060	0.060	0.060	0.056	0.088	0.047	0.050	0.049	0.045
0:12.87	0.048	0.050	0.043	0.060	0.060	0.060	0.055	0.088	0.047	0.050	0.049	0.045
0:12.96	0.048	0.050	0.043	0.060	0.060	0.060	0.055	0.088	0.047	0.050	0.049	0.045
0:13.05	0.047	0.050	0.043	0.060	0.059	0.060	0.056	0.087	0.047	0.050	0.049	0.045
0:13.14	0.047	0.050	0.043	0.060	0.059	0.060	0.055	0.088	0.047	0.050	0.049	0.045
0:13.23	0.047	0.050	0.043	0.060	0.060	0.060	0.055	0.088	0.047	0.050	0.049	0.045
0:13.32	0.047	0.050	0.042	0.060	0.059	0.060	0.055	0.088	0.047	0.050	0.049	0.045
0:13.41	0.047	0.049	0.042	0.060	0.060	0.060	0.055	0.088	0.046	0.050	0.049	0.045
0:13.50	0.047	0.050	0.042	0.060	0.060	0.060	0.055	0.087	0.047	0.050	0.049	0.045
0:13.59	0.047	0.049	0.042	0.060	0.059	0.060	0.055	0.088	0.046	0.050	0.049	0.045
0:13.68	0.047	0.049	0.042	0.060	0.059	0.060	0.055	0.088	0.046	0.050	0.049	0.045
0:13.77	0.047	0.049	0.042	0.060	0.059	0.060	0.055	0.087	0.046	0.050	0.049	0.045
0:13.86	0.047	0.049	0.042	0.060	0.059	0.060	0.055	0.088	0.046	0.050	0.049	0.045
0:13.95	0.047	0.049	0.042	0.060	0.059	0.060	0.055	0.088	0.046	0.050	0.049	0.045
0:14.04	0.047	0.049	0.042	0.060	0.059	0.060	0.055	0.088	0.046	0.050	0.049	0.045
0:14.13	0.047	0.049	0.042	0.060	0.059	0.060	0.055	0.087	0.046	0.050	0.049	0.044
0:14.22	0.047	0.049	0.042	0.060	0.059	0.060	0.055	0.087	0.046	0.050	0.049	0.045
0:14.31	0.047	0.049	0.042	0.060	0.059	0.060	0.055	0.087	0.046	0.050	0.048	0.044
0:14.40	0.047	0.049	0.042	0.060	0.059	0.060	0.055	0.087	0.046	0.050	0.048	0.044
0:14.49	0.047	0.049	0.042	0.059	0.059	0.060	0.055	0.087	0.046	0.050	0.048	0.044
0:14.58	0.047	0.049	0.042	0.059	0.059	0.060	0.055	0.087	0.046	0.050	0.049	0.044
0:14.67	0.047	0.049	0.042	0.059	0.059	0.060	0.055	0.087	0.046	0.050	0.049	0.044
0:14.76	0.047	0.049	0.042	0.059	0.059	0.060	0.055	0.087	0.046	0.050	0.048	0.044
0:14.85	0.047	0.049	0.042	0.060	0.059	0.060	0.055	0.087	0.046	0.050	0.048	0.044
0:14.94	0.047	0.049	0.042	0.059	0.059	0.060	0.055	0.087	0.046	0.050	0.048	0.044
0:15.03	0.047	0.049	0.042	0.059	0.059	0.060	0.055	0.087	0.046	0.050	0.049	0.044
0:15.12	0.047	0.049	0.042	0.059	0.059	0.060	0.055	0.086	0.046	0.050	0.048	0.044
0:15.21	0.047	0.049	0.042	0.059	0.059	0.060	0.055	0.087	0.046	0.050	0.048	0.044
0:15.30	0.047	0.049	0.042	0.059	0.059	0.060	0.055	0.087	0.046	0.050	0.048	0.044
0:15.39	0.047	0.049	0.042	0.059	0.059	0.060	0.055	0.086	0.046	0.050	0.048	0.044
0:15.48	0.047	0.049	0.042	0.059	0.059	0.060	0.055	0.086	0.046	0.050	0.049	0.044
0:15.57	0.047	0.049	0.042	0.059	0.059	0.060	0.055	0.087	0.046	0.050	0.048	0.044
0:15.66	0.047	0.049	0.042	0.059	0.059	0.060	0.055	0.087	0.046	0.050	0.048	0.044
0:15.75	0.047	0.049	0.041	0.059	0.059	0.060	0.055	0.087	0.045	0.050	0.048	0.044
0:15.84	0.047	0.049	0.041	0.059	0.059	0.060	0.055	0.087	0.046	0.050	0.048	0.044
0:15.93	0.047	0.049	0.041	0.059	0.059	0.060	0.055	0.086	0.045	0.050	0.048	0.044
0:16.02	0.046	0.049	0.041	0.059	0.059	0.060	0.055	0.087	0.045	0.050	0.048	0.044
0:16.11	0.047	0.049	0.041	0.059	0.059	0.060	0.055	0.086	0.045	0.049	0.048	0.044
0:16.20	0.046	0.049	0.041	0.059	0.059	0.060	0.055	0.086	0.045	0.049	0.048	0.044
0:16.29	0.046	0.049	0.041	0.059	0.059	0.060	0.055	0.086	0.045	0.050	0.048	0.044
0:16.38	0.046	0.048	0.041	0.059	0.059	0.060	0.054	0.086	0.045	0.049	0.048	0.044
0:16.47	0.046	0.048	0.041	0.059	0.059	0.060	0.054	0.086	0.045	0.050	0.048	0.044
0:16.56	0.046	0.048	0.041	0.059	0.059	0.060	0.055	0.086	0.045	0.049	0.048	0.044
0:16.65	0.046	0.048	0.041	0.059	0.059	0.060	0.054	0.086	0.045	0.049	0.048	0.044
0:16.74	0.046	0.048	0.041	0.059	0.059	0.060	0.054	0.086	0.045	0.049	0.048	0.044
0:16.83	0.046	0.048	0.041	0.059	0.059	0.060	0.054	0.086	0.045	0.049	0.048	0.044
0:16.92	0.046	0.048	0.041	0.059	0.059	0.060	0.054	0.086	0.045	0.049	0.048	0.044
0:17.01	0.046	0.048	0.041	0.059	0.059	0.060	0.054	0.086	0.045	0.049	0.048	0.044
0:17.10	0.046	0.048	0.041	0.059	0.059	0.060	0.054	0.085	0.045	0.049	0.048	0.044
0:17.19	0.046	0.048	0.041	0.059	0.059	0.060	0.054	0.086	0.045	0.049	0.048	0.044
0:17.28	0.046	0.048	0.041	0.059	0.059	0.060	0.055	0.085	0.045	0.049	0.048	0.044
0:17.37	0.046	0.048	0.041	0.059	0.059	0.060	0.054	0.086	0.045	0.049	0.048	0.044
0:17.46	0.046	0.048	0.041	0.059	0.059	0.060	0.054	0.086	0.045	0.049	0.048	0.044
0:17.55	0.046	0.048	0.041	0.059	0.059	0.060	0.054	0.086	0.045	0.049	0.048	0.044
0:17.64	0.046	0.048	0.041	0.058	0.059	0.059	0.054	0.086	0.045	0.049	0.048	0.044
0:17.73	0.046	0.048	0.041	0.058	0.059	0.059	0.054	0.085	0.045	0.049	0.048	0.044
0:17.82	0.046	0.048	0.041	0.058	0.059	0.059	0.054	0.086	0.045	0.049	0.048	0.044
0:17.91	0.046	0.048	0.041	0.058	0.059	0.059	0.054	0.085	0.045	0.049	0.048	0.044
0:18.00	0.046	0.048	0.041	0.058	0.059	0.059	0.054	0.085	0.045	0.049	0.048	0.044
0:18.09	0.046	0.048	0.041	0.058	0.059	0.059	0.054	0.086	0.045	0.049	0.048	0.044
0:18.18	0.046	0.048	0.041	0.058	0.059	0.059	0.054	0.085	0.045	0.049	0.048	0.044
0:18.27	0.046	0.048	0.041	0.058	0.059	0.059	0.054	0.086	0.045	0.049	0.048	0.044
0:18.36	0.046	0.048	0.041	0.058	0.059	0.059	0.054	0.085	0.045	0.049	0.048	0.044
0:18.45	0.046	0.048	0.041	0.058	0.059	0.059	0.054	0.085	0.045	0.049	0.048	0.044
0:18.54	0.046	0.048	0.040	0.058	0.059	0.059	0.054	0.085	0.045	0.049	0.048	0.044
0:18.63	0.046	0.048	0.041	0.058	0.059	0.059	0.054	0.085	0.045	0.049	0.048	0.044
0:18.72	0.046	0.047	0.040	0.058	0.059	0.059	0.054	0.085	0.045	0.049	0.048	0.044
0:18.81	0.046	0.048	0.040	0.058	0.059	0.059	0.054	0.085	0.045	0.049	0.048	0.043
0:18.90	0.046	0.047	0.040	0.058	0.059	0.059	0.054	0.085	0.045	0.049	0.048	0.044
0:18.99	0.046	0.047	0.040	0.058	0.059	0.059	0.054	0.084	0.045	0.049	0.048	0.043
0:19.08	0.046	0.048	0.040	0.058	0.059	0.059	0.054	0.085	0.044	0.049	0.048	0.043
0:19.17	0.046	0.047	0.040	0.058	0.059	0.059	0.054	0.085	0.044	0.049	0.048	0.044
0:19.26	0.046	0.048	0.040	0.058	0.059	0.059	0.054	0.084	0.045	0.049	0.047	0.043
0:19.35	0.046	0.047	0.040	0.058	0.059	0.059	0.054	0.085	0.045	0.049	0.047	0.043
0:19.44	0.046	0.047	0.040	0.058	0.059	0.059	0.054	0.085	0.045	0.049	0.048	0.043
0:19.53	0.046	0.047	0.040	0.058	0.059	0.059	0.054	0.085	0.044	0.049	0.048	0.043
0:19.62	0.046	0.047	0.040	0.058	0.059	0.059	0.054	0.084	0.044	0.049	0.048	0.043
0:19.71	0.046	0.047	0.040	0.058	0.059	0.059	0.054	0.085	0.044	0.049	0.048	0.043
0:19.80	0.046	0.047	0.040	0.058	0.059	0.059	0.054	0.084	0.045	0.049	0.048	0.043
0:19.89	0.046	0.047	0.040	0.058	0.059	0.059	0.054	0.085	0.044	0.049	0.048	0.043
0:19.98	0.046	0.047	0.040	0.058	0.059	0.059	0.054	0.084	0.044	0.049	0.047	0.043
0:20.07	0.046	0.047	0.040	0.058	0.059	0.059	0.054	0.084	0.044	0.049	0.048	0.043
0:20.16	0.045	0.047	0.040	0.058	0.059	0.059	0.054	0.084	0.044	0.049	0.048	0.043
0:20.25	0.046	0.047	0.040	0.058	0.059	0.059	0.054	0.084	0.044	0.049	0.047	0.043
0:20.34	0.045	0.047	0.040	0.058	0.059	0.059	0.054	0.084	0.044	0.049	0.048	0.043
0:20.43	0.046	0.047	0.040	0.058	0.059	0.059	0.054	0.084	0.044	0.049	0.048	0.043
0:20.52	0.046	0.047	0.040	0.058	0.059	0.059	0.053	0.084	0.044	0.049	0.047	0.043
0:20.61	0.046	0.047	0.040	0.058	0.059	0.059	0.054	0.084	0.044	0.049	0.047	0.043
0:20.70	0.046	0.047	0.040	0.057	0.059	0.059	0.054	0.085	0.044	0.049	0.047	0.043
0:20.79	0.046	0.047	0.040	0.058	0.059	0.059	0.054	0.084	0.044	0.049	0.047	0.043
0:20.88	0.046	0.047	0.040	0.057	0.059	0.059	0.054	0.084	0.044	0.049	0.047	0.043
0:20.97	0.045	0.047	0.039	0.058	0.059	0.059	0.054	0.084	0.044	0.049	0.047	0.043
0:21.06	0.046	0.047	0.040	0.057	0.059	0.059	0.053	0.084	0.044	0.049	0.047	0.043
0:21.15	0.046	0.047	0.039	0.057	0.059	0.059	0.054	0.083	0.044	0.049	0.047	0.043
0:21.24	0.046	0.047	0.039	0.058	0.059	0.059	0.054	0.084	0.044	0.049	0.047	0.043
0:21.33	0.045	0.047	0.040	0.057	0.059	0.059	0.053	0.084	0.044	0.049	0.047	0.043
0:21.42	0.045	0.047	0.039	0.057	0.059	0.059	0.054	0.084	0.044	0.049	0.047	0.043
0:21.51	0.045	0.047	0.039	0.057	0.059	0.059	0.054	0.083	0.044	0.049	0.047	0.043
0:21.60	0.046	0.047	0.039	0.057	0.059	0.059	0.054	0.084	0.044	0.049	0.047	0.043
0:21.69	0.045	0.047	0.039	0.057	0.059	0.059	0.054	0.084	0.044	0.049	0.047	0.043
0:21.78	0.045	0.047	0.039	0.057	0.059	0.059	0.053	0.084	0.044	0.049	0.047	0.043
0:21.87	0.046	0.047	0.039	0.057	0.059	0.059	0.053	0.083	0.044	0.049	0.047	0.043
0:21.96	0.045	0.047	0.039	0.057	0.059	0.059	0.053	0.084	0.044	0.049	0.047	0.043
0:22.05	0.046	0.047	0.039	0.057	0.059	0.059	0.053	0.084	0.044	0.049	0.047	0.043
0:22.14	0.045	0.046	0.039	0.057	0.059	0.059	0.053	0.084	0.044	0.048	0.047	0.043
0:22.23	0.045	0.047	0.039	0.057	0.059	0.059	0.053	0.083	0.044	0.048	0.047	0.043
0:22.32	0.045	0.046	0.039	0.057	0.059	0.059	0.054	0.084	0.044	0.048	0.047	0.043
0:22.41	0.045	0.047	0.039	0.057	0.059	0.059	0.053	0.084	0.044	0.049	0.047	0.043
0:22.50	0.045	0.047	0.039	0.057	0.059	0.059	0.053	0.083	0.044	0.049	0.047	0.043
0:22.59	0.045	0.046	0.039	0.057	0.059	0.059	0.053	0.084	0.044	0.049	0.047	0.043
0:22.68	0.045	0.047	0.039	0.057	0.059	0.059	0.053	0.084	0.044	0.048	0.047	0.043
0:22.77	0.045	0.046	0.039	0.057	0.059	0.059	0.053	0.083	0.044	0.048	0.047	0.043
0:22.86	0.045	0.047	0.039	0.057	0.059	0.059	0.053	0.083	0.044	0.048	0.047	0.043
0:22.95	0.045	0.047	0.039	0.057	0.059	0.058	0.053	0.083	0.044	0.049	0.047	0.043
0:23.04	0.045	0.046	0.039	0.057	0.059	0.059	0.053	0.083	0.044	0.048	0.047	0.043
0:23.13	0.045	0.046	0.039	0.057	0.059	0.059	0.053	0.083	0.044	0.049	0.047	0.043
0:23.22	0.046	0.046	0.039	0.057	0.059	0.058	0.053	0.083	0.044	0.048	0.047	0.043
0:23.31	0.045	0.046	0.039	0.057	0.059	0.058	0.053	0.083	0.044	0.048	0.047	0.043
0:23.40	0.045	0.046	0.039	0.057	0.059	0.059	0.053	0.084	0.044	0.049	0.047	0.043
0:23.49	0.045	0.046	0.039	0.057	0.059	0.058	0.053	0.083	0.044	0.048	0.047	0.043
0:23.58	0.045	0.046	0.039	0.057	0.059	0.058	0.053	0.083	0.044	0.048	0.047	0.043
0:23.67	0.045	0.046	0.039	0.057	0.059	0.058	0.053	0.084	0.044	0.048	0.047	0.043
0:23.76	0.045	0.046	0.039	0.057	0.059	0.058	0.053	0.083	0.044	0.048	0.047	0.043
0:23.85	0.045	0.046	0.039	0.057	0.059	0.058	0.053	0.083	0.044	0.048	0.047	0.043
0:23.94	0.045	0.046	0.039	0.057	0.059	0.058	0.053	0.083	0.044	0.048	0.046	0.043
0:24.03	0.045	0.046	0.039	0.057	0.059	0.058	0.053	0.084	0.044	0.048	0.047	0.043
0:24.12	0.045	0.046	0.039	0.057	0.059	0.058	0.053	0.083	0.044	0.048	0.047	0.043
0:24.21	0.045	0.046	0.039	0.057	0.059	0.058	0.053	0.083	0.044	0.048	0.047	0.043
0:24.30	0.045	0.046	0.038	0.057	0.059	0.058	0.053	0.083	0.044	0.048	0.047	0.043
0:24.39	0.045	0.046	0.039	0.057	0.059	0.058	0.053	0.083	0.043	0.048	0.047	0.043
0:24.48	0.045	0.046	0.039	0.057	0.059	0.058	0.053	0.083	0.044	0.048	0.047	0.043
0:24.57	0.045	0.046	0.038	0.057	0.059	0.058	0.053	0.082	0.043	0.048	0.047	0.043
0:24.66	0.045	0.046	0.038	0.057	0.059	0.058	0.053	0.083	0.043	0.048	0.046	0.043
0:24.75	0.045	0.046	0.038	0.057	0.059	0.058	0.053	0.083	0.044	0.048	0.047	0.043
0:24.84	0.045	0.046	0.038	0.057	0.059	0.058	0.053	0.083	0.043	0.048	0.047	0.043
0:24.93	0.045	0.046	0.038	0.057	0.059	0.058	0.053	0.083	0.044	0.048	0.046	0.043
0:25.02	0.045	0.046	0.038	0.057	0.059	0.058	0.053	0.083	0.043	0.048	0.046	0.043
0:25.11	0.045	0.046	0.038	0.057	0.059	0.058	0.053	0.083	0.043	0.048	0.047	0.043
0:25.20	0.045	0.046	0.038	0.057	0.059	0.058	0.053	0.083	0.043	0.048	0.046	0.043
0:25.29	0.045	0.046	0.038	0.057	0.059	0.058	0.053	0.083	0.043	0.048	0.046	0.043
0:25.38	0.045	0.046	0.038	0.057	0.059	0.058	0.052	0.082	0.043	0.048	0.047	0.043
0:25.47	0.045	0.046	0.038	0.057	0.059	0.058	0.053	0.083	0.043	0.048	0.046	0.043
0:25.56	0.045	0.046	0.038	0.057	0.059	0.058	0.053	0.082	0.043	0.048	0.046	0.043
0:25.65	0.045	0.046	0.038	0.057	0.059	0.058	0.053	0.082	0.043	0.048	0.046	0.043
0:25.74	0.045	0.046	0.038	0.057	0.059	0.058	0.052	0.083	0.043	0.048	0.046	0.043
0:25.83	0.045	0.046	0.038	0.057	0.059	0.058	0.053	0.083	0.043	0.048	0.046	0.043
0:25.92	0.045	0.046	0.038	0.057	0.059	0.058	0.053	0.083	0.043	0.048	0.046	0.043
0:26.01	0.045	0.046	0.038	0.057	0.059	0.058	0.053	0.082	0.043	0.048	0.046	0.043
0:26.10	0.045	0.046	0.038	0.057	0.059	0.058	0.053	0.082	0.043	0.048	0.046	0.043
0:26.19	0.045	0.046	0.038	0.057	0.059	0.058	0.052	0.082	0.043	0.048	0.046	0.043
0:26.28	0.045	0.046	0.038	0.057	0.059	0.058	0.053	0.083	0.043	0.048	0.046	0.043
0:26.37	0.045	0.046	0.038	0.057	0.059	0.058	0.052	0.083	0.043	0.048	0.046	0.042
0:26.46	0.045	0.046	0.038	0.056	0.059	0.058	0.052	0.082	0.043	0.048	0.046	0.043
0:26.55	0.045	0.046	0.038	0.057	0.059	0.058	0.053	0.082	0.043	0.048	0.046	0.043
0:26.64	0.045	0.046	0.038	0.056	0.059	0.058	0.052	0.082	0.043	0.048	0.046	0.043
0:26.73	0.045	0.046	0.038	0.056	0.059	0.058	0.052	0.083	0.043	0.048	0.046	0.043
0:26.82	0.045	0.046	0.038	0.057	0.059	0.058	0.052	0.083	0.043	0.048	0.046	0.043
0:26.91	0.045	0.046	0.038	0.056	0.059	0.058	0.052	0.082	0.043	0.048	0.046	0.042
0:27.00	0.045	0.046	0.038	0.056	0.059	0.058	0.052	0.082	0.043	0.048	0.046	0.042
0:27.09	0.045	0.046	0.038	0.056	0.059	0.058	0.052	0.082	0.043	0.048	0.046	0.042
0:27.18	0.045	0.046	0.038	0.056	0.059	0.058	0.052	0.082	0.043	0.048	0.046	0.043
0:27.27	0.045	0.046	0.038	0.056	0.059	0.058	0.052	0.081	0.043	0.048	0.046	0.042
0:27.36	0.045	0.046	0.038	0.056	0.059	0.058	0.052	0.082	0.043	0.048	0.046	0.042
0:27.45	0.045	0.046	0.038	0.056	0.059	0.058	0.052	0.082	0.043	0.048	0.046	0.042
0:27.54	0.045	0.046	0.038	0.056	0.059	0.058	0.052	0.082	0.043	0.048	0.046	0.042
0:27.63	0.045	0.046	0.038	0.056	0.059	0.058	0.052	0.082	0.043	0.048	0.046	0.042
0:27.72	0.045	0.046	0.038	0.056	0.059	0.058	0.052	0.082	0.043	0.048	0.046	0.042
0:27.81	0.045	0.046	0.038	0.056	0.059	0.058	0.052	0.082	0.043	0.048	0.046	0.042
0:27.90	0.045	0.046	0.038	0.056	0.059	0.058	0.052	0.082	0.043	0.048	0.046	0.042
0:27.99	0.045	0.046	0.038	0.056	0.059	0.058	0.052	0.082	0.043	0.048	0.046	0.042
0:28.08	0.045	0.046	0.038	0.056	0.059	0.058	0.052	0.082	0.043	0.048	0.046	0.042
0:28.17	0.045	0.046	0.037	0.056	0.059	0.058	0.052	0.082	0.043	0.048	0.046	0.042
0:28.26	0.045	0.046	0.037	0.056	0.059	0.058	0.052	0.082	0.043	0.048	0.046	0.042
0:28.35	0.045	0.046	0.037	0.056	0.059	0.058	0.052	0.081	0.043	0.048	0.046	0.042
0:28.44	0.045	0.046	0.038	0.056	0.059	0.058	0.052	0.081	0.043	0.048	0.046	0.042
0:28.53	0.045	0.046	0.037	0.056	0.059	0.057	0.052	0.082	0.043	0.048	0.046	0.042
0:28.62	0.045	0.046	0.037	0.056	0.059	0.058	0.052	0.081	0.043	0.048	0.046	0.042
0:28.71	0.045	0.045	0.037	0.056	0.059	0.057	0.052	0.082	0.043	0.048	0.046	0.042
0:28.80	0.045	0.046	0.038	0.056	0.059	0.057	0.052	0.081	0.043	0.048	0.046	0.042
0:28.89	0.045	0.046	0.037	0.056	0.059	0.058	0.051	0.082	0.043	0.048	0.046	0.042
0:28.98	0.045	0.046	0.037	0.056	0.059	0.057	0.051	0.081	0.043	0.048	0.046	0.042
0:29.07	0.045	0.045	0.037	0.056	0.059	0.057	0.051	0.082	0.043	0.048	0.046	0.042
0:29.16	0.045	0.046	0.037	0.056	0.059	0.057	0.051	0.081	0.043	0.048	0.046	0.042
0:29.25	0.045	0.046	0.037	0.056	0.059	0.057	0.051	0.082	0.043	0.048	0.046	0.042
0:29.34	0.045	0.045	0.037	0.056	0.059	0.057	0.051	0.081	0.043	0.048	0.046	0.042
0:29.43	0.045	0.046	0.037	0.056	0.059	0.057	0.051	0.081	0.043	0.048	0.046	0.042
0:29.52	0.045	0.046	0.037	0.056	0.059	0.057	0.051	0.081	0.043	0.048	0.046	0.042
0:29.61	0.045	0.045	0.037	0.056	0.059	0.057	0.051	0.081	0.043	0.048	0.046	0.042
0:29.70	0.045	0.046	0.037	0.056	0.059	0.057	0.051	0.081	0.043	0.048	0.046	0.042
0:29.79	0.045	0.045	0.037	0.056	0.059	0.057	0.051	0.081	0.043	0.048	0.046	0.042
0:29.88	0.045	0.045	0.037	0.056	0.059	0.057	0.051	0.081	0.043	0.048	0.046	0.042
0:29.97	0.045	0.045	0.037	0.056	0.059	0.057	0.051	0.081	0.043	0.048	0.046	0.042

